n <- 75
X_d1 <- 
structure(c(0.430634875197416, -0.474075321268968, -1.26112140080536, 0.343799073589329, 0.709913584391294,
0.884300661404416, 1.10865344038456, 0.63960471349623, 0.572139693074806, 1.19496088707975, 0.573240042332139,
-1.26112140080536, -1.26112140080536, -1.26112140080536, -1.26112140080536, 0.573038235496771, -1.26112140080536,
-1.26112140080536, -1.26112140080536, -1.26112140080536, 1.18617563796824, -1.26112140080536, -1.26112140080536,
-1.26112140080536, 0.857656293650782, 0.596512949571823, 0.69086328680089, -1.26112140080536, -1.26112140080536,
-1.26112140080536, 1.14811708151798, 0.753981978782702, 0.852544829805329, -1.26112140080536, 0.362039760785939,
1.04697276615616, 0.779775334150379, 0.526388143755326, 0.279737451665648, 0.768634094340712, 0.448418815147049,
0.267543749077735, 0.879614528689173, -0.656792618538736, -0.423364171959383, 1.40964127523962, -1.26112140080536,
0.101013425035359, 1.24335074829869, -0.335881985589119, -1.26112140080536, 0.640333958929884, -1.26112140080536,
1.0197780956353, 1.26006374872934, 0.678704637725557, 0.622811784718972, 0.657259846954137, 0.208846798225798,
-1.26112140080536, -1.26112140080536, 0.638372683117553, -1.26112140080536, 1.21213428735853, -1.26112140080536,
-1.26112140080536, -1.26112140080536, -1.26112140080536, -1.26112140080536, 0.436001531327904, 0.938961331065056,
1.08169973359926, -0.244118478719381, 0.972615167857394, -1.26112140080536, -0.695981178235559, -0.703104726247374,
-0.703104706128074, -0.703104712834507, -0.703104719540941, -0.706107782647664, 1.21384475361507,
-0.0536163463258748, 0.0113269242648396, -0.209597808817659, -0.698970846400942, -0.703104702774857,
-0.703104719540941, -0.70310470948129, -0.703104719540941, -0.766240515160122, -0.302102289434254,
0.0113269307356665, 0.0113269328926089, 0.01132693397108, -1.10301376906937, -0.748067147999304, -0.70310470948129,
-0.70310470948129, -0.763343132296043, -0.771143828124622, -0.111256041269376, 0.01132693397108, 0.0113269328926089,
0.0113269307356665, -4.0004215793834, -2.09006106952968, -0.71021194775758, -0.703104706128074, -0.70310470948129,
-0.762363549547872, -1.20417776292793, -0.125928531546177, 0.0113269296571954, 0.0113269199509549, 1.09747958188637,
-0.0361700466569049, -1.02631984483449, -0.711520125212708, -0.705062281656255, -1.38386180085542, -4.0004215793834,
-1.45406940547483, -0.265559189275376, 0.01132693397108, 1.17174968284415, 1.01626664916067, 0.965685561570345,
0.43190084093267, -0.12296244647487, 0.00288081960016124, -0.164271749352561, -0.120840664386451,
-0.0155343478877936, 0.0113269307356665, 1.17174968284415, 1.17174968284415, 1.17174968284415, 0.766565763972767,
0.0113269307356665, 0.0113269318141377, 0.011326921029426, 0.0113269307356665, 0.0113269296571954,
0.0113269296571954, 1.11864458425447, 1.14292293308806, 1.1002020957601, 0.650106768591538, 0.0113269328926089,
-0.959838283326556, -0.247210760094657, 0.0685953459333315, -0.439046671315377, -0.217704559514922,
-1.16732938120963, -1.1313806950219, -1.12485669327033, -0.703115221691313, -0.829618347006052, -1.59746024933793,
-0.350125098263329, -0.11089954950289, 0.613614263998991, 0.44279837394549, -0.908675232449778, -0.540634472725119,
-1.02099636321146, -0.191573674046645, -0.206131303869384, -1.51632636555129, -0.973499052287136,
-0.548279111426799, 0.672379386839209, 1.48513067624533, -0.312939295450197, -0.0928667172699794,
-0.433261770014585, 0.892374304899137, 0.0923166518336409, -1.45931484821805, -0.393381084525762, 0.513179781023797,
0.503958935236171, 1.17427455207345, 0.595051220864038, -0.0291971676061246, -0.0573031638544047, 1.1344929187058,
0.564921706565048, -1.51646316331889, -0.876994281377081, -0.142403136198782, 0.225737345467322, 1.26723450373988,
1.32237996045715, 1.14726172791051, 1.28382820721045, 1.46912874199737, 1.46262871179524, -1.12189466179893,
-0.88866286137424, -0.267883933668481, 0.310631428500268, 1.54427459317475, 2.5873271936156, 1.76392371396468,
1.71248570924853, 1.35624288152897, 0.847556719386004, -1.87159218179708, -0.396604698289549, 0.569682494181748,
0.650769570464814, 1.61876935502323, 1.63929164473625, 0.766260371628817, 0.456486591072486, 0.281431064515464,
1.04981913170863, -1.94497752429053, -0.810370090247527, -0.698874403333176, 0.0910317896526679, 0.829766826084046),
.Dim = c(75, 3))
X_d2 <- 
structure(c(0.430634875197416, -0.474075321268968, -1.26112140080536, 0.343799073589329, 0.709913584391294,
0.884300661404416, 1.10865344038456, 0.63960471349623, 0.572139693074806, 1.19496088707975, 0.573240042332139,
-1.26112140080536, -1.26112140080536, -1.26112140080536, -1.26112140080536, 0.573038235496771, -1.26112140080536,
-1.26112140080536, -1.26112140080536, -1.26112140080536, 1.18617563796824, -1.26112140080536, -1.26112140080536,
-1.26112140080536, 0.857656293650782, 0.596512949571823, 0.69086328680089, -1.26112140080536, -1.26112140080536,
-1.26112140080536, 1.14811708151798, 0.753981978782702, 0.852544829805329, -1.26112140080536, 0.362039760785939,
1.04697276615616, 0.779775334150379, 0.526388143755326, 0.279737451665648, 0.768634094340712, 0.448418815147049,
0.267543749077735, 0.879614528689173, -0.656792618538736, -0.423364171959383, 1.40964127523962, -1.26112140080536,
0.101013425035359, 1.24335074829869, -0.335881985589119, -1.26112140080536, 0.640333958929884, -1.26112140080536,
1.0197780956353, 1.26006374872934, 0.678704637725557, 0.622811784718972, 0.657259846954137, 0.208846798225798,
-1.26112140080536, -1.26112140080536, 0.638372683117553, -1.26112140080536, 1.21213428735853, -1.26112140080536,
-1.26112140080536, -1.26112140080536, -1.26112140080536, -1.26112140080536, 0.436001531327904, 0.938961331065056,
1.08169973359926, -0.244118478719381, 0.972615167857394, -1.26112140080536, -0.695981178235559, -0.703104726247374,
-0.703104706128074, -0.703104712834507, -0.703104719540941, -0.706107782647664, 1.21384475361507,
-0.0536163463258748, 0.0113269242648396, -0.209597808817659, -0.698970846400942, -0.703104702774857,
-0.703104719540941, -0.70310470948129, -0.703104719540941, -0.766240515160122, -0.302102289434254,
0.0113269307356665, 0.0113269328926089, 0.01132693397108, -1.10301376906937, -0.748067147999304, -0.70310470948129,
-0.70310470948129, -0.763343132296043, -0.771143828124622, -0.111256041269376, 0.01132693397108, 0.0113269328926089,
0.0113269307356665, -4.0004215793834, -2.09006106952968, -0.71021194775758, -0.703104706128074, -0.70310470948129,
-0.762363549547872, -1.20417776292793, -0.125928531546177, 0.0113269296571954, 0.0113269199509549, 1.09747958188637,
-0.0361700466569049, -1.02631984483449, -0.711520125212708, -0.705062281656255, -1.38386180085542, -4.0004215793834,
-1.45406940547483, -0.265559189275376, 0.01132693397108, 1.17174968284415, 1.01626664916067, 0.965685561570345,
0.43190084093267, -0.12296244647487, 0.00288081960016124, -0.164271749352561, -0.120840664386451,
-0.0155343478877936, 0.0113269307356665, 1.17174968284415, 1.17174968284415, 1.17174968284415, 0.766565763972767,
0.0113269307356665, 0.0113269318141377, 0.011326921029426, 0.0113269307356665, 0.0113269296571954,
0.0113269296571954, 1.11864458425447, 1.14292293308806, 1.1002020957601, 0.650106768591538, 0.0113269328926089),
.Dim = c(75, 2))
