"V1","V2","V3","V4","V5","V6"
0,0,0.714743304439096,0.00636065014629495,0.0827718989037537,0.196124146510855
0,0,0.707894282034203,0,0.117292783993977,0.17481293397182
0,0.0245339016133475,0.372678106316953,0,0.158882620972066,0.443905371097634
0.0403419010892313,0.0235516216358938,0.622154976798184,0.0107735582908861,0.123705072340037,0.179472869845767
0.00161475106297529,0.0453606437690651,0.523975010435025,0.0499764919490832,0.0726496098333348,0.306423492950516
0,0.0614316373344022,0.529141550107379,0.0242154339201865,0.219696758348477,0.165514620289556
0,0.0648396668813937,0.179257392381694,0.0674337860871432,0.297921686296353,0.390547468353417
0,0,0.476745312035227,0,0.22416507977308,0.299089608191693
0,0.0872269923084049,0.826524246397864,0,0.0471762537076438,0.0390725075860876
0,0.0653947531580269,0.779554204725289,0.0127212944198027,0.0467786785436964,0.0955510691531853
0.0208992444597834,0.0580240372765288,0.5911590720055,0,0.165631183643886,0.164286462614302
0.0129634313370492,0.00437161511366199,0.378097201830527,0,0.501031889026829,0.103535862691932
0.0885632240627587,0.794643253535719,0.0202495212429943,0,0.059206916710483,0.037337084448045
0.00155280304037288,0.0609611955849911,0.397760264341767,0,0.370015084620392,0.169710652412477
0.0336205399077546,0.0318032178586869,0.221921342991876,0,0.382642327331343,0.330012571910339
0.0345291998287008,0,0.156975470767411,0,0.453080189873925,0.355415139529963
0.053349500280388,0,0.304293825303052,0.0127212893053109,0.317109140610619,0.31252624450063
0.108114366892117,0.0595645971443255,0.273654230851552,0.0605766191807583,0.0163744805894813,0.481715705341765
0.0596199135501178,0.182487656744679,0.127890490325153,0.0773167540102356,0.188071601889862,0.364613583479953
0.213682513051523,0.0656672641670197,0.00618677420416355,0.383548654657106,0.271437773957447,0.0594770199627417
0.138545771740736,0.0577703225597987,0.144778542909021,0.343060256262627,0.0744237890094423,0.241421317518376
0.0177659563020213,0.085537997454146,0.110252145874286,0.438567772455652,0.069829002187093,0.278047125726801
0.0604951048148532,0.152893117586794,0.0745409142362274,0.447164872414946,0.0598848227965447,0.205021168150635
0.0336205326724107,0.0659789473195789,0.305418971108379,0.123949595478992,0.0390725247814505,0.431959428639189
0.022869177388776,0.0365498856213481,0.278847155740402,0.0559311509508296,0.00308952105252186,0.602713109246123
0.195462714863881,0.0912204147366124,0.317350888520527,0.106993356209801,0.0154024524620736,0.273570173207105
0.00828440315740366,0.100574561910917,0.730673928882805,0,0.0189340023597461,0.141533103689129
0,0.0324015227776365,0.904309042703417,0,0.0156948843766772,0.0475945501422692
0,0,0.744332952841323,0,0.0709219169858137,0.184745130172864
0.0337786978782461,0.0773309540106048,0.620088908122312,0.00649103816876699,0.143393425728229,0.118916976091841
0,0.12339028119527,0.550161508705491,0,0.0842617388648991,0.24218647123434
0,0.00718422830173759,0.59657286605606,0,0.254773979700507,0.141468925941695
0,0.0266347207191375,0.366705502901049,0,0.416974308258306,0.189685468121508
0.0181732575088512,0.0308945468650473,0.354726874932352,0,0.419932968758123,0.176272351935626
0,0.00546638810932776,0.909796687195934,0,0.0157201103144022,0.0690168143803363
0.0290772206106216,0.421024865841522,0.435161276138387,0,0.0109039572289831,0.103832680180486
0,0.145174207210052,0.694085313128474,0,0.0554252686073328,0.105315211054141
0,0.161869707208612,0.410611327675895,0.00272598107087551,0.0950577724715021,0.329735211573115
0,0.165031338135595,0.247706771706429,0,0.468992228910852,0.118269661247124
0,0.340052851780899,0.517077601790319,0,0.0778619073236524,0.0650076391051299
0,0.00061825001298325,0.547627326500174,0,0.318880247696485,0.132874175790358
0.0262815346044753,0.119111466739564,0.347100060983301,0,0.106336494445739,0.40117044322692
0.0913292096485471,0.174969043074102,0.477645412851717,0,0.0804262153323602,0.175630119093273
0.0180690906324182,0.00391051513686803,0.324617109361599,0,0.527062246447179,0.126341038421936
0.0432806169521736,0.0325946297170819,0.535122694772699,0.0212904434683898,0.064255635413624,0.303455979676032
0.0545197976901137,0.0192557985969298,0.329484711214026,0.220879823847275,0.0241246257478634,0.351735242903793
0.07677000068695,0.0640531352418597,0.194551574809305,0.216543034579006,0.145829938104048,0.302252316578831
0.213369084961502,0.0246575740356181,0.206295175664397,0.27764451466107,0.166136553977735,0.111897096699678
0.252379949571399,0.0750883452526504,0.00991867029756011,0.318181133545434,0.174541861236256,0.169890040096701
0.121135863149532,0.156608599071824,0.308142571011707,0.159965912159114,0.0291318587574283,0.225015195850395
0,0.0245339026378815,0.265677211907608,0.204011747304305,0.060233421566069,0.445543716584137
0.133928328553563,0.0509806987333438,0.104325823547078,0.218325123423054,0.135629016611387,0.356811009131574
0.0118126344252548,0.0118126184252543,0.869745151310825,0,0.0108627733910598,0.0957668224476056
0,0,0.409022369816537,0,0.186732563481582,0.404245066701882
0,0,0.54518563553927,0,0.0933552861471716,0.361459078313559
0.0522247851489453,0.121354741669804,0.415745565146402,0,0.36901318611829,0.0416617219165579
0,0.170041254060743,0.694260464496688,0,0.0781450374066107,0.0575532440359584
0.0463418339731785,0.166391222494216,0.434230665118844,0,0.296541011227361,0.0564952671864006
0,0.00572795710883119,0.4263421281005,0,0.390419967417979,0.177509947372689
0,0.0269839154317426,0.238971023823536,0,0.407464132519426,0.326580928225295
0,0.158030669528491,0.767539851280638,0,0.0185104642961674,0.0559190148947042
0.028829683086489,0.888523944665572,0.0171057190513172,0.0642791891928376,0.00126146400378439,0
0.168064480857096,0.153550054610351,0.000793973013497541,0.0983715166723158,0.487778458292234,0.0914415165545058
0.0220035522420391,0.158907591747984,0.120854658329401,0.0363465253998118,0.550054145050596,0.111833527230169
0,0.185136564887868,0.131746103766668,0.00726931015265551,0.490370157297773,0.185477863895035
0.0666052556651314,0.338088839452221,0.289023067225577,0,0.148468860711722,0.157813976945349
0,0.0821472080536802,0.191204641780116,0,0.441654106041353,0.284994044124851
0.10817437273079,0.0644499410311991,0.0380853036093649,0,0.604611626673786,0.18467875595486
0.0131189501836653,0.0540026607560373,0.450176242302467,0,0.199228998789206,0.283473147968624
0.0909206697274927,0.0509426399679102,0.113527457157022,0,0.431241005193579,0.313368227953996
0.0480882673945597,0.0222003216438093,0.373028716817833,0,0.430400214481606,0.126282479662192
0,0,0.688114286202857,0.0503950952598774,0.188681218717031,0.072809399820235
0,0.00158795103969878,0.780641746516044,0.0279481476987037,0.0863229911580748,0.103499163587479
0,0,0.199057434374551,0.122941513319421,0.0685355498504598,0.609465502455569
0.0149339245226874,0.000818537028648796,0.0393600983776034,0.314181543996354,0.370872819980549,0.259833076094158
0.295696632096719,0.124592680990224,0.0206116714946801,0.391151985387648,0.09634291531223,0.0716041147184987
0.243151734863035,0.0741852134837043,0.00862787717255754,0.496625947932519,0.080734198614684,0.0966750279335006
0.322482109866731,0.134751903794332,0.0236099810152292,0.329659908175376,0.0431127568538485,0.146383340294484
0,0,0.394921629032414,0.0473539285626796,0.0784382935884637,0.479286148816443
0,0.0187337686931494,0.373750149828756,0.00443986616427505,0.247027044140001,0.356049171173819
0.0270406326489752,0.187795384507089,0.683964539415149,0,0.0231812965563511,0.0780181468724355
0.0623246591190384,0.0400712023624209,0.310992918573759,0,0.333821893349944,0.252789326594837
0,0,0.512615668302776,0,0.198235543757653,0.289148787939571
0,0.0109039572398871,0.690751735196538,0,0.110782383437212,0.187561924126362
0,0.000183992003311856,0.61683502810303,0,0.201136916620465,0.181844063273193
0,0.0234412594453839,0.609588074582173,0,0.189104521592986,0.177866144379457
0.00817797523716128,0.082965482405999,0.455062277196806,0,0.299365696681605,0.154428568478428
0.0535061474981721,0.374084784474374,0.0480010473440293,0.0858628394041595,0.248464876957017,0.190080304322249
0.0637081854652883,0,0.179737863133971,0.00591213713597915,0.535251553310786,0.215390260953976
0,0,0.125610218014645,0,0.650371861608925,0.22401792037643
0.010903952239887,0.224027380928602,0.219263033823787,0,0.435384764578465,0.110420868429259
0.023315001349725,0.082596063238941,0.0678956890184353,0.0014520800217812,0.551907262278609,0.272833904092509
0.0676222088790887,0.0276228733590974,0.0106083781379089,0.00763455109924916,0.804112138453458,0.082399850071198
0.0283673295389793,0.068149738294845,0.0305823935810655,0,0.755439314353347,0.117461224231763
0.192956505245043,0,0.17489681484773,0,0.513239016291258,0.118907663615969
0.0107611591183727,0,0.150301934653321,0,0.720784629928631,0.118152276299675
0.00308896602780069,0,0.181560692634046,0,0.601269128411422,0.214081212926731
0.0517938029840823,0.0245339024661442,0.295806921620332,0,0.518277592847274,0.109587780082168
0,0,0.714024289848777,0,0.157223946031166,0.128751764120056
0,0.05906312389002,0.196394597284627,0.164827834274491,0.125372469011919,0.454341975538943
0.0444379157775166,0.153946972157879,0.0336195573447823,0.288445279537811,0.170102466804099,0.309447808377912
0.205116721358618,0.189520765875144,0.0136299384225281,0.328358956179128,0.167839333203019,0.0955342849615628
0.177567429280265,0.0552746932662624,0.0710028199111156,0.137963132656488,0.183592642527298,0.374599282358571
0.111143858445754,0.15419925916797,0.110386613415465,0.222521606900864,0.107075119283005,0.294673542786942
0,0.215008544515179,0.412124692654619,0.010101713212136,0.0265234885569933,0.336241561061073
0,0.0468331762176626,0.595306446477968,0,0.0590775355360159,0.298782841768354
0.0557447666165982,0.274076082948206,0.578636621780462,0,0.056650242642857,0.0348922860118763
0,0.0347513908687848,0.722098532052463,0,0.0856673241416831,0.157482752937069
0,0,0.674985569924553,0,0.154786500798382,0.170227929277066
0.0109039521853672,0.00363465706178917,0.803544630660259,0,0.0630109720711865,0.118905788021398
0,0.0009086600181732,0.331217825624357,0,0.407788158155763,0.260085356201707
0,0,0.402758708457933,0,0.0984148860667126,0.498826405475355
0,0,0.346349271966033,0,0.108227430489231,0.545423297544736
0.0784127590387317,0.0823688281415895,0.013788155358492,0.0142190893696963,0.634353420493189,0.176857747598301
0.0548846882623478,0.191739940410019,0.067119347543745,0,0.556202508792658,0.130053514991231
0.0266208774791758,0.0132190162379423,0.162952379933143,0,0.605374022896732,0.191833703453007
0,0,0.592693189188103,0,0.327651106501882,0.0796557043100154
0.00958850530683217,0.0472776705128855,0.41237782619609,0,0.14682718569847,0.383928812285722
0.0676414618939609,0.0131304613676529,0.0693647389422127,0,0.611003888108109,0.238859449688065
0,0,0.332043279636995,0,0.392240999021543,0.275715721341462
0.00191065504967703,0.0295666407687327,0.418154838872026,0,0.267510197955265,0.282857667354299
0,0,0.480989106733848,0,0.277427264883982,0.241583628382171
0.00415223707474027,0.000589157010604826,0.259974145679535,0,0.404879721287835,0.330404738947285
0.0540022068640353,0,0.360129015762064,0,0.370728961931663,0.215139815442237
0,0.000316947006972834,0.538451057845923,0,0.228886071035494,0.23234592411161
0,0.000861363023256802,0.629119522986227,0,0.161798539368561,0.208220574621956
0.060273101205462,0.135227276704546,0.316867711337354,0.0544076610881532,0.0825312826506257,0.350692967013859
0.247224528191715,0.288062271049308,0.164573962456053,0.0744186445627915,0,0.225720593740132
0.21738049634761,0.470676811413536,0.190593248811865,0.0347378856947577,0.00042559400851188,0.0861859637237193
0.0313026092208018,0.0493326839239747,0.047704460860474,0.301921690774946,0.363868870190886,0.205869685028918
0.0145386153489268,0.195777588698662,0.645329513487908,0,0.0355930378542329,0.10876124461027
0.0437614161377968,0.0199905945197555,0.827352133511155,0,0.0230527715993721,0.0858430842319202
0.019091316420009,0,0.746236969417213,0,0.0713364615694022,0.163335252593376
0,0,0.590582963764574,0,0.220455564511389,0.188961471724037
0,0.0527024530553957,0.479441012698199,0,0.159066072203577,0.308790462042828
0,0.0191838264987795,0.685971607835262,0,0.0254425626615066,0.269402003004452
0,0,0.631053867242155,0,0.168426766737071,0.200519366020775
0.00999529218991055,0,0.218509706151684,0,0.519776674875757,0.251718326782648
0,0,0.202054927839044,0,0.39732998054927,0.400615091611687
0.0311686625298673,0.126080175143363,0.049584469842936,0.000319507005431619,0.596179001135043,0.196668184343359
0.0680836327701745,0.2050923183324,0.19949653618691,0,0.207684161399788,0.319643351310727
0.00972564714588471,0.459946958899204,0.18603932879059,0,0.131740487976107,0.212547577188214
0,0.0140545572248729,0.156109293497749,0,0.517328916277263,0.312507233000116
0.0715032521450976,0.184731125541934,0.225764055772922,0,0.313298551398957,0.20470301514109
0.0124567653114191,0.0193053674826342,0.288244681206117,0,0.407851378196284,0.272141807803545
0.0323712537121676,0.0381868948401117,0.0790537027391815,0,0.480473321570413,0.369914827138126
0.0534960948024414,0.0403585376053781,0,0,0.699354200490313,0.206791167101868
0.066171409124914,0.0861957784653282,0.266385480528553,0,0.320240905444095,0.261006426437109
0.110092031752301,0.245810654145266,0.208226090205652,0,0.178999960474999,0.256871263421782
0.0877205001930125,0.0123100843077521,0.260240195506005,0,0.417850895446272,0.221878324546958
0.0779725080272852,0.156591346071375,0.360888561383103,0,0.146378196805833,0.258169387712404
0.0498729662966971,0.0870719142638698,0.567313619750154,0,0.0593963175443043,0.236345182144975
0.0756817056488597,0.141162325940681,0.283693897929286,0.042447486485662,0.0791861547715154,0.377828429223995
0.0203011295075282,0,0.442823041070576,0.0259601326490033,0.0484513092112827,0.46246438756161
0.0489557041259812,0.321092269385122,0.219391612046007,0.0902836890765248,0.0172645953970857,0.303012129969279
0.0184435205348621,0.142387153129227,0.133394673868446,0.0649245688828125,0.0697971430241171,0.571052940560535
0.00545198215810748,0.123893900592923,0.359994745439848,0.188471067465661,0.115333404344669,0.206854899998792
0.0436078131803907,0.165437358271868,0.643867031193352,0.0112076375603819,0.0208992560449628,0.114980903749045
0.00139756702934891,0.0811500547041511,0.637493020387353,0.0277488065827249,0.0249907335248054,0.227219817771616
0,0,0.808026134928418,0,0.00108125501730008,0.190892610054282
0.00523906016241087,0.00886230927473159,0.864235435791298,0.0145322134504986,0.0409461042693292,0.0661848770517312
0.00203025305278658,0.0401035950426935,0.813508195151213,0,0.0136299393543784,0.130728017398928
0,0.00636063917173726,0.730941049735408,0,0.0512205773829556,0.211477733709899
0,0.0962959085999895,0.817945638084532,0,0.0249508936736741,0.0608075596418041
0,0,0.511239408314703,0,0.192727019396357,0.29603357228894
0,0.0287120876890901,0.0509016082216386,0.00908662621807903,0.653622062686929,0.257677615184263
0.0299631911386013,0.0118126184488795,0.300900434434216,0,0.354812149482862,0.302511606495441
0.0337236918430923,0.194877318871933,0.534016308350408,0,0.0549520623738016,0.182430618560765
0.0257783635155673,0.258622149172443,0.476156807523136,0,0.0526214800524296,0.186821199736424
0.0642454617346275,0,0.263603458117293,0,0.417696990277819,0.25445408987026
0.0687759764442955,0.0254329795340926,0.199020070179421,0,0.466279113791861,0.240491860050329
0.0260994916785868,0.130847526402036,0.251092608528408,0,0.256738532675202,0.335221840715768
0,0.00535008507490119,0.219789742077056,0,0.449169221288369,0.325690951559673
0,0.253492571309374,0.481103986178768,0,0.155733388647468,0.109670053864391
0,0.259045220626633,0.505903623082651,0,0.0183058692562822,0.216745287034434
0,0,0.542678959938937,0,0.400482210810609,0.0568388292504542
0,0.00411537806584605,0.90288625344618,0,0.0914442904631086,0.00155407802486525
0,0.000418347004601817,0.965232893617562,0,0.00833932509173258,0.0260094342861038
0,0,0.51415209233965,0.0019786750474882,0.123976703975441,0.359892528637421
0.0163559263271185,0,0.565977067319541,0.033620552672411,0.132840732656815,0.251205721024114
0.00919051322057232,0.024637789591307,0.418708842049012,0.0348518978364455,0.0316392947593431,0.48097166254332
0.051851274140728,0.0286081966293803,0.535801221787627,0,0.0982028011604616,0.285536506281803
0,0.188580159657405,0.347883223436497,0.0980501259415038,0.0859187095775613,0.279567781387033
0.136612581918053,0.0880280431690096,0.357204330859356,0.0580121190884363,0.0128884974639859,0.347254427501159
0.00800537510406988,0.366312167762058,0.27325612355233,0.0747893989722622,0.0236412353073361,0.253995699301944
0.0128938782707714,0.142789272998575,0.450795138466698,0.0140948122959911,0.0227165914770484,0.356710306490916
0,0.146294809511075,0.609728090633474,0.00909302721823265,0.0363497418723938,0.198534330764824
0.0145386154361585,0.0626977648809329,0.880810157424305,0,0,0.0419534622586039
0,0,0.958175903205342,0,0,0.0418240967946578
0,0.0109263493059378,0.961063296909772,0,0,0.0280103537842899
0.0319226909896034,0.00726930422534843,0.474981316724421,0.0208992596478771,0.150195228656052,0.314732199756698
0.0259429246485731,0.0402910870072772,0.571351971283799,0,0.0586402024660051,0.303773814594345
0.0340854130907332,0.076327717442487,0.568327527186481,0,0.177464424678862,0.143794917601437
0.0638374359151231,0.0174968315249049,0.419282226578467,0.0359238020777141,0.0556241106687233,0.407835593235068
0.18294728978147,0.149204612161821,0.418008871064426,0,0.0454331571807915,0.204406069811491
0.0753385482601564,0.0206607706198231,0.485201158556035,0,0.128131108843933,0.290668413720052
0.0321438417714522,0.0133491323203792,0.468623111246955,0,0.14623459350963,0.339649321151584
0,0,0.24718578869653,0,0.438869276338516,0.313944934964954
0,0.0325981709127488,0.736778642629802,0,0.105626983957556,0.124996202499894
0,0.239094707499178,0.520626764974416,0,0.117658980706157,0.12261954682025
0,0.333262440998299,0.525195252604686,0,0.0658886545813277,0.0756536518156877
0.015447264293498,0.227862596329389,0.484898097213064,0,0.160854505056236,0.110937537107813
0,8.112000073008e-06,0.970932089738389,0,0,0.0290597982615382
0,0.00727079912360359,0.971858645521597,0,0.0173739162953566,0.00349663905944286
0,0,0.535650917533877,0,0.334499012700471,0.129850069765652
0,0,0.731758164684503,0.0146478964540848,0.0420921023048552,0.211501836556557
0,0,0.348836447511603,0.105278574474193,0.154269228090885,0.39161574992332
0.0208992495642797,0.011812628318941,0.295822398987205,0.21640776984301,0.0941467945419635,0.360911158744601
0.0734774209838904,0.190619438146725,0.267881150232791,0.0576895895576189,0.143709595880159,0.266622805198816
0.126152425901506,0.331894911633583,0.164972944794378,0.0725719466691548,0.0650274154956306,0.239380355505748
0.047384397947688,0.289009530780191,0.170121393402428,0.0806611536132231,0.0184522793690456,0.394371244887425
0,0.590582629449322,0.139426195230819,0.0538031278608501,0.0255038914080623,0.190684156050947
0.0181732722362525,0.204528955658876,0.628484782170302,0.00244355303176619,0.0127212841653767,0.133648152737426
0,0.0249794375995065,0.778466862683205,0.000313116007514784,0.0490678051776273,0.147172778532147
0,0.164931171783004,0.764630516174285,0,0.00545198815810766,0.0649863238846034
0.0367209812485134,0.0826237618092079,0.736931017055655,0,0.0184863736285367,0.125237866258087
0.0494973329899467,0.219466834389337,0.441586170831723,0.0272598885451978,0.0272598885451978,0.234929884698598
0.0308458786786093,0.156322544439096,0.362459618974112,0.033103817728284,0.1180272685966,0.299240871583299
0.0171562435318435,0.0990386580701984,0.206494878401341,0.0324119550047706,0.160005253960163,0.484893011031683
0.103822672737616,0.243524064766866,0.240599073661567,0.0385865643891163,0.0817447419428107,0.291722882502024
0.0377981210205493,0.160669530338077,0.505060665636638,0.00244355306597593,0.117300487167113,0.176727642771646
0,0.0522742189409359,0.699663840593949,0,0.0525674169462135,0.195494523518901
0,0,0.800116774402686,0,0.0274040776302938,0.17247914796702
0,0,0.608475012777975,0,0.166419238494804,0.225105748727221
0,0.243788726607141,0.547658164596138,0,0.131243655018604,0.0773094537781174
0,0.0618301267312435,0.780045661841279,0,0.0508391564234964,0.107285055003982
0,0.148135421073552,0.711189281158761,0,0.051110390095526,0.0895649076721612
0,0.142636230137997,0.702687946459135,0,0.0628952333836951,0.091780590019173
0,0.0111512620892101,0.984374269874994,0,0,0.00447446803579574
0,0.00726931010177034,0.952364178333098,0,0.0294625544124758,0.0109039571526554
0,0,0.870645466671618,0,0.120785466174138,0.00856906715424321
0,0,0.898473506766417,0,0.0164060603609333,0.0851204328726495
0,0,0.529953919718894,0,0.0942553372621281,0.375790743018978
0,0.0190819234198023,0.562614756377525,0.16730682668075,0.156203847436485,0.0947926460854382
0.00412995106194926,0.839064058585961,0.00188506802827602,0.048591934728879,0.0871117613066764,0.0192172262882584
0,0.119619002229713,0.146066032943783,0.0197319745327633,0.213603191767286,0.500979798526454
0.0203828665095717,0,0.700572716514318,0,0.0857199841429996,0.193324432833111
0.0630140893945354,0.0508735719331957,0.420836696991794,0.00297775811315481,0.157137383971221,0.305160499596099
0.0416547929164054,0.573933611626539,0.234641992162124,0.0162011413564251,0.023726861521991,0.109841600416515
0,0.408005574528089,0.161074251577188,0.0401052846416846,0.133946053143137,0.256868836109901
0.060247735144707,0.377922145180521,0.26762476108487,0.0127212832417044,0.0708757453466392,0.210608330001558
0.0553702407198131,0.68322460988192,0.0950367752354781,0.0172646022244398,0.0754818729812644,0.0736218989570847
0.0395645055934676,0.504437178566558,0.412010193180153,0,0.0192449822886747,0.0247431403711471
0.0702659585458511,0.0738000846236019,0.26753000588566,0.0170852793758761,0.188723717151922,0.382594954417089
0.174827807440702,0.135505625317304,0.14127166462867,0.0237125352804769,0.266714552402586,0.257967814930262
0.0894398155775926,0.119752113790085,0.289901869596075,0.0127212945088518,0.0987654559506182,0.389419450576778
0.0290772196687761,0.374104569604405,0.142505527277627,0.0475329090932569,0.0634447134592284,0.343335060896706
0,0.146803912816902,0.190525851953672,0.013264692344882,0.216305707623948,0.433099835260596
0.0272599057360175,0.0271161137321351,0.299508802086738,0.0067258851815989,0.298790130067334,0.340599163196177
0.000471264013195392,0.0980062087441738,0.405736488360622,0,0.304903442537296,0.190882596344713
0.0132602904243293,0.0919111309411562,0.632037031225185,0,0.128703368118508,0.134088179290822
0,0.0154811443715475,0.762639658303352,0,0.146344373512265,0.0755348238128358
0,0,0.731940811174935,0,0.213160453836888,0.0548987349881772
0,0,0.758530397687669,0,0.149029405278647,0.0924401970336843
0,0,1,0,0,0
0,0.016861074219194,0.949798244347377,0,0.00504845606562993,0.0282922253677989
0,0.00817795411449136,0.972863773620093,0,0,0.0189582722654158
0,0.00454331304997644,0.945250980397761,0,0.0324493123569424,0.0177563941953203
0,0,0.640696827939511,0,0.107010031996281,0.252293140064208
0,0.0145386103925425,0.586902984846381,0,0.291862130880278,0.106696273880799
0.0359345128983628,0.0406527620163191,0.384109946602749,0.0519329632983241,0.168181863204547,0.319187951979699
0.017264602345292,0,0.412442672248853,0.0316672416333448,0.0703645334072907,0.468260950365219
0,0,0.688719753529274,0,0.106845024564281,0.204435221906445
0,0.0841719048618448,0.746856873393134,0,0.0617890851008289,0.107182136644193
0,0.0949336991834751,0.570376829118667,0,0.0691924875914272,0.265496984106431
0,0.032023770704523,0.411465328052237,0,0.257632928667924,0.298877972575315
0,0.0876150820665279,0.192370716732975,0.00908664031803241,0.288743162106011,0.422184398776454
0,0.107103981285248,0.208066529496798,0.0299858963598308,0.116843235402119,0.538000357456004
0,0.0882534205593492,0.425323958334395,0,0.140400251071607,0.346022370034649
0.0699633878890115,0.111518239010992,0.364864944851354,0.0208992625642801,0.112806466045775,0.319947699638588
0.059733256851731,0.0858629166617504,0.211151855545708,0.00272599208450575,0.275149866529646,0.365376112326659
0.0810291822688171,0.124782203493902,0.285747325000925,0.0178940185010325,0.154978344339394,0.33556892639593
0,0.0218124285671231,0.509264422240875,0,0.0340240688846258,0.434899080307376
0,0,0.420540918410818,0,0.333535937670719,0.245923143918463
0.00134571503095145,0.0154472813552875,0.507059487662368,0,0.178437606104065,0.297709909847328
0.0199909254997731,0,0.200319621007991,0,0.293453711336343,0.486235742155894
0.0094562852553197,0.00131218803542908,0.512470881836714,0,0.205395387545675,0.271365257326862
0,0.161570809008695,0.221097313854017,0,0.345968501725024,0.271363375412265
0.000119509004063306,0.0118835604040411,0.726172531689866,0,0.0686900073354603,0.193134391566569
0.00365702305851237,0,0.921337671741403,0,0.0435266826964269,0.031478622503658
0,0.0111800362124207,0.832193799811682,0,0.0638863242138402,0.092739839762057
0,0.0119400722149213,0.790528834229519,0,0.122935044212831,0.0745960493427289
0,0.0208992483970857,0.906407695221746,0,0.0599717831394639,0.0127212732417042
0,0,0.940772968052367,0,0.0592270319476325,0
0,0,0.850472160859915,0,0.0823206237287331,0.0672072154113515
0,0,0.849152509642373,0,0.14085219326767,0.00999529708995767
0.130732592575641,0.00296697310384406,0.303779595632286,0.0181732616360642,0.0826572028930021,0.461690374159163
0,0.0450710864873459,0.632130189860296,0.00265504908761662,0.0910297080039804,0.229113966560761
0,0,0.492478225296912,0,0.261767129067712,0.245754645635375
0,0.0030870290740887,0.823305590759334,0,0.070676540696237,0.10293083947034
0,0.102356484377764,0.636603418007913,0,0.124061020094014,0.13697907752031
0.0154472764634183,0.311333900340017,0.303951212118536,0.0163559364906781,0.136466796094004,0.216444878493346
0.000183987005335623,0.00764855622180813,0.639242780538041,0,0.168962855899923,0.183961820334893
0.00708531719838888,0.139115937895246,0.251897765053137,0,0.141280849955864,0.460620129897364
0.00430115015054026,0.0646659502633083,0.567018369845643,0.0035135771229752,0.0654953332923367,0.295005619325197
0.0519890114037033,0.119367455222921,0.572967727470129,0.00420110911342995,0.0898163984250428,0.161658298364774
0.0441046091908244,0,0.210554212684964,0.0154972874184268,0.352251028510778,0.377592862195007
0.0485691689713834,0.329390645587813,0.0566213801324276,0.0782321335646427,0.28419849268397,0.202988179059764
0.00733036612461622,0.736548355521322,0.039194883666313,0.0731405462433893,0.0633637830771843,0.0804220653671751
0.000787581022052269,0,0.357283473003937,0.0442591742392569,0.317667012894676,0.280002758840077
0,0,0.168057559512518,0,0.732197423589777,0.0997450168977052
0.00999530210994832,0,0.0515944045675385,0,0.845670276302373,0.0927400170201402
0,0,0.142481772564672,0,0.68895998240128,0.168558245034048
0,0.0310319093723829,0.120044015440528,0,0.573070386876845,0.275853688310244
0.0057810521445263,0.0358845118971128,0.195392968884824,0,0.416726959418174,0.346214507655363
0.025638110461486,0.0140210242523784,0.404753585285565,0,0.347272063250897,0.208315216749674
0,0,0.964121902593157,0,0.0342008516667554,0.00167724574008733
0,0,0.987349680746994,0,0,0.0126503192530064
0,0.00636063412721268,0.993639365872787,0,0,0
0,0.0199905924997648,0.980009407500235,0,0,0
0,0.0429199757725596,0.699536274591653,0,0.239975923319567,0.0175678263162209
0,0.00978249408804245,0.480246291322217,0,0.506578740559209,0.00339247403053227
0.106750969522782,0.113054811730809,0.355713497738545,0.0127212894198026,0.0600316129810432,0.351727818607018
0,0,0.900257318010293,0,0.0297449131897965,0.0699977687999108
0,0,0.840336155050421,0.000736065022818016,0.0305021799455676,0.128425599981194
0,0.000596305014907625,0.521312295032807,0.0147112053677801,0.249055046226376,0.214325148358129
0,0.0477439360503666,0.627466454804262,0,0.250661777514559,0.0741278316308123
0.0109410263501128,0.0642604330563339,0.53565406814093,0.00817796326169483,0.0302702019686465,0.350696307222282
0,0.108082361350553,0.426734324228764,0.0389917982087457,0.254401123886435,0.171790392325502
0.00999530238981679,0.0122772174788115,0.162706570345556,0.0218886348536568,0.304025031856976,0.489107243075182
0.0291203808153707,0.0494498013845944,0.801654885446337,0.00284707007971796,0.0267065137477824,0.0902213485261977
0.162526730088008,0.0194451903694586,0.722107171720036,0.0281685635352027,0.0345292056560549,0.0332231386312396
0.0632964695824118,0,0.546001472650037,0.0624146475603662,0.120754499018862,0.207532911188323
0.06487166694615,0.0649284859478546,0.156038426681153,0.0888300976649029,0.232274351968231,0.393056970791709
0.0696040591577258,0.0220490506835206,0.248916412716409,0.0885812677460193,0.352165134917119,0.218684074779206
0.291123261695835,0.00908664220899277,0.321204062387693,0.062152349429504,0.179978848139514,0.136454836138461
0.0374048386358823,0,0.767553217048405,0,0.0517211438792594,0.143320800436454
0,0,0.62858426220027,0,0.203517087273859,0.167898650525872
0,0,0.551994805143886,0,0.290829940398259,0.157175254457856
0,0.000908660026351141,0.292765911490211,0,0.301090172731615,0.405235255751822
0.0118356122958903,0.0688398667209967,0.349730177743254,0,0.17018879625472,0.399405546985139
0.000219183003726111,0.00839651914274082,0.594029105098495,0,0.303244641155159,0.0941105515998794
0,0.0455443661841535,0.757813686703156,0,0.00908663623625254,0.187555310876438
0,0,0.971660216348185,0,7.4138001705174e-05,0.0282656456501099
0,0.0178627284287055,0.965246192165909,0,0.00825210919805062,0.00863897020733529
0,0.0213210135330253,0.969830949245774,0,0,0.00884803722120093
0,0,0.986673280720139,0,0,0.0133267192798611
0,0,0.931941591911066,0,0,0.0680584080889345
0.106624415051728,0.0659080815045071,0.269292434233112,0.00507546019286749,0.167806778376658,0.385292830641128
0.0701906342461003,0.0930223579767155,0.705644391580621,0,0.0269495588623859,0.104193057334178
0,0,0.925727015365994,0.0164233953613147,0.00569415112527133,0.0521554381474196
0,0.0284560057683122,0.780713013079251,0,0.0281685677605513,0.162662413391885
0,0.03229666948445,0.73306335999595,0.0298581194478718,0.00787424711811371,0.196907603953614
0.000871591014817047,0.0236252414016291,0.847619275409528,0,0.0240638694090858,0.10382002276494
0,0,0.689913784557931,0,0.109409608625831,0.200676606816239
0.00983708027543825,0,0.497609198933058,0.0236252366615066,0.219807426154608,0.24912105797539
0.0280135338684195,0.0572457707746189,0.545216310901706,0.0318032189858998,0.0502391505574137,0.287482014911942
0.0182640765296582,0.0308945368959416,0.329769115563304,0.0281685488168879,0.0836046054245336,0.509299116769674
0,0,0.743210424377788,0,0.0661850771913314,0.190604498430881
0.0451701406712952,0.0516825969122561,0.404029813949103,0.0284312450519561,0.215427093970802,0.255259109444587
0.0159154134456316,0.000585673016398844,0.832010670296299,0.00429596012028688,0.0863670904182785,0.0608251927031054
0.0104061072185283,0.00119908002518068,0.709920174908324,0.0047906761006042,0.101643468134513,0.17204049361285
0.00796237611147327,0.0478687276701622,0.792799554099194,0,0.0548762037682669,0.096493138350904
0,0.106319307445344,0.342169520869899,0.128707195960266,0.153668413534373,0.269135562190118
0,0.0154415614169222,0.381909582311559,0.0063606481717375,0.0795281391472598,0.516760068952522
0.0345867029684277,0.0695450499472614,0.399121051175389,0,0.239646820710111,0.257100375198811
0.0117551193291433,0.0163271894571613,0.494899924857198,0,0.185367730190296,0.291650036166201
0,0,0.788354151745812,0,0.123687069823796,0.0879587784303924
0,0.104440037819881,0.573260216478026,0.00331166008941482,0.0362200039779401,0.282768081634738
0,0.00378203709833296,0.283935674382328,0.0272598927087572,0.190662726957231,0.494359668853351
0,0,0.832301351807534,0,0.0379047299476182,0.129793918244848
0.045110155172864,0.08472230920278,0.791889358589123,0,0.0053242191384297,0.0729539578968029
0,0.058547186580774,0.941452813419226,0,0,0
0,0,0.998438202962517,0,0.000976124023426976,0.000585673014056152
0.100047616202,0.0222734119354833,0.33033070487389,0.0923808938799975,0.0485077410373251,0.406459632071305
0.0355539513510501,0.137446176222955,0.0982526507336007,0,0.217609349269155,0.511137872423239
0,0.0154500274789509,0.326619327125199,0.0318872119885036,0.14435998547516,0.481683447932187
0,0,0.714441484575479,0.0132474803444345,0.0571194684851062,0.215191566594981
0,0.0739651871449904,0.455051109196482,0.125524729640217,0.0940914337286516,0.251367540289659
0.0424044085689631,0.012637053467571,0.290806042759824,0.0145158175370852,0.14205189225592,0.497584785410637
0,0.150962791132735,0.524429538830604,0.00540155418365284,0.0900011390600387,0.229204976792969
0,0.0215319424737027,0.61133907844946,0,0.0951302570928656,0.271998721983972
0.0518160991917703,0.0726426266707804,0.368070185465614,0,0.0993874752859119,0.408083613385923
0.00341045706479868,0.0258910734919304,0.431314609194978,0.013629949258969,0.04444368384443,0.481310227144894
0,0.010455449303208,0.628818703235742,0.0608005577632162,0.0587799807046194,0.241145308993214
0,0,0.134452789764678,0.0619571137347992,0.135726461800341,0.667863634700182
0.101776607969288,0.206170636040655,0.23968743034781,0.0331688402935848,0.114244161455522,0.304952323893141
0.112688615718724,0.395007061035233,0.094469819117504,0.0551006338183209,0.139402754600291,0.203331115709927
0.0251895636549287,0.0257366176691521,0.342645360908779,0.01229192131959,0.142700063710202,0.451436472737348
0,0.0349158991173088,0.256935226221927,0.0228376487308048,0.17332844954651,0.511982776383449
0,0,0.461730840543271,0,0.184507437612686,0.353761721844043
0,0.121302961032574,0.405841970146049,0,0.359574278989357,0.11328078983202
0,0,0.438590075771801,0,0.518797941375959,0.0426119828522397
0,0,0.94036969809183,0.0257001318224042,0.00434809513913904,0.0295820749466264
0.0257042728225367,0.155671514981488,0.437544426001422,0.044892874436572,0.0521471666687093,0.284039745089272
0.0314810250073928,0.152415466877295,0.413404422228941,0.00155565704978103,0.0561981137983396,0.34494531503825
0.0530659040613181,0.0590631081812622,0.748307768966155,0.00061504401230088,0.012920602258412,0.126027572520551
0.00770158417713644,0,0.493380337347748,0,0.352453356106427,0.146464722368689
0.122928334441993,0.113770998185588,0.524107033674997,0.0181732575088512,0.0686381989218696,0.152382177266701
0.0566757723602185,0.0404356069704546,0.434305976423343,0.0346806768323362,0.140810147379444,0.293091820034204
0.140960739933626,0.11935370817738,0.159706646589733,0.0284713109964959,0.0325042271376479,0.519003367165118
0,0.0030464600609292,0.0210400014208,0.0329633176592663,0.432272542645451,0.510677678213554
0,0.0550750988174783,0.202488563682123,0.017602030580867,0.159492851263264,0.565341455656268
0,0,0.868261461233491,0.00392208608236381,0.0241669485075059,0.10364950417664
0,0.242068547051714,0.297020180425504,0.0228329725708243,0.187810526695263,0.250267773256694
0.050279249407819,0.145274257067679,0.107418662007723,0.0387897740861137,0.184187102157239,0.474050955273427
0.0281685655915399,0.175752108690794,0.0875197378379145,0.193030254053635,0.0596778972532358,0.45585143657288
0.00817797622080536,0.0645150977419076,0.259723621012538,0,0.208443812627983,0.459139492396766
0.12065696918825,0.196382178444434,0.0837471896011291,0,0.0884248098022668,0.510788852963921
0.0299858916896755,0.180470140150813,0.470360391818289,0.00987735022717906,0.07709173977311,0.232214486340933
0,0.0160299373366287,0.261065595482378,0.0794239616679032,0.0743568015614928,0.569123703951598
0.0251339496283487,0,0.456852861421321,0.0633961355849034,0.102309735557743,0.352307317807683
0.0154731775879807,0.099267340772159,0.55676237615697,0.0515698899596558,0.0134942975127833,0.263432918010451
0.0690973196583357,0.380794412139066,0.160021271840511,0.0746885757925258,0.0157376853777044,0.299660735191858
0.000348044009049144,0.0862188902416912,0.273166633102332,0.173159580502149,0.0475153392353988,0.419591512909379
0,0.0687062689237755,0.292119974179359,0.118514523318407,0.101265409835431,0.419393823743027
0,0,0.69592250348583,0.00636064417809804,0.0917750125697003,0.205941839766372
0,0,0.761346773795016,0,0.0123472973210297,0.226305928883954
0,0,0.778262048791337,0.000690112019323137,0.0860034564080968,0.135044382781243
0,0.0293273968504945,0.456400112235603,0.0687720919943907,0.0417985192121571,0.403701879707354
0.0336348960763167,0.0797121895507901,0.596569537090225,0.0456350554603218,0.000555284017769089,0.243893037804577
0.141126988657191,0.130029552290975,0.203398706712157,0.256803253474507,0.0286801039464434,0.239961394918726
0.000421569007166673,0.0381638566487856,0.876022157892377,0.00743927112646761,0,0.0779531453252035
0.00726931511630904,0,0.861905681790491,0,0.0752034932032559,0.0556215098899442
0,0,0.478543017963575,0.0118126232953156,0.301524054538101,0.208120304203008
0.02328944483842,0.0231708228341496,0.230609790301952,0.0440394845854215,0.134868537855267,0.544021919584789
0.128133185612795,0.042225444520116,0.660346480772473,0.000155172005586192,0.0692888884944,0.0998508285946298
0.0247577127674891,0.091421871834078,0.510715669832186,0.0363596701271498,0.0326623270125321,0.304082748426565
0.000736070020609961,0.0100181502805082,0.415435960632207,0.00224804206294518,0.102007797856218,0.469553979147511
0.0628703611375923,0.156459621319627,0.0971150053019102,0.0254425838650479,0.192745994553364,0.465366433822459
0.0136299493952685,0.290386640421213,0.0696765330206195,0.00726930921080997,0.134333695895677,0.484703872056412
0.0284669674270045,0.318157855772368,0.238221070573316,0.107928944618934,0.0338745035081176,0.27335065810026
0.110962594883691,0.0926388152423585,0.282179748876291,0.0354771162416991,0.0799171397970999,0.39882458495886
0.031210234936307,0.0669153950074619,0.389523576685707,0.0143546214306386,0.0895413806862414,0.408454791253644
0.0746685299120727,0.185800034246201,0.203585678939841,0.0646772585224131,0.0165166296441486,0.454751868735323
0.0288087980083079,0.170241003958435,0.157612252516429,0.0265253089283858,0.178286361240023,0.43852627534842
0.0245161056619349,0.118253932192856,0.405757287955447,0.0351516539490946,0.116985143158599,0.299335877082069
0.0220906486406288,0.0250860627274958,0.822015150838439,0.0131957523826768,0.0189006585481191,0.0987117268626401
0.00884765916810552,0,0.547580921404037,0.0181260383443947,0.0262934964995764,0.399151884583886
0.0901602047048061,0.116730208501906,0.574272442228173,0.0188429605652888,0.0267819438034583,0.173212240196367
0.0755765183428721,0.0219741246811979,0.292859319078639,0.0929471448813615,0.15423774478137,0.36240514823456
0,0.000920184020244049,0.465770984246962,0.0433758399542685,0.0809357007805854,0.40899729099794
0,0.0324702877792869,0.71806000723344,0.0072693041744633,0.0555071553321717,0.186693245480638
0,0.0530015399540277,0.576227649372098,0.0399811627196609,0.143320858579775,0.187468789374438
0,0.0262937397362247,0.165279737627833,0.141433278960132,0.208197187829521,0.45879605584629
0.0461028403369824,0.0190819285533759,0.363529246542348,0.15000311435009,0.0336205279749953,0.387662342242208
0.0127212783307532,0,0.469243148200322,0.0597992525547806,0.0877895232825276,0.370446797631617
0.122538961676169,0.0833911975017359,0.173423176202695,0.0835557195066716,0.0910890787326724,0.446001866380056
0.0535328491241898,0.0496501720426536,0.563249202828233,0.0751328265777894,0.0358333037524994,0.222601645674635
0,0,0.636336925999706,0,0.0803607228839679,0.283302351116326
0,0,0.328896351275653,0,0.0824697880721072,0.58863386065224
0.119239076100216,0.0218079205670059,0.642081812694127,0.062697769630142,0.0330235498586123,0.121149871149897
0.0333449835001748,0.0154472702317091,0.770011210550168,0.0245339013680085,0.13666599604999,0.0199966382999496
